1 629665
1 65291
2 629556
2 137006
3 627690
3 134397
4 627096
4 162981
4 453984
4 525846
4 544946
5 626893
6 626415
6 305334
7 625602
7 34994
7 399338
8 625318
8 115286
8 339583
9 625017
9 426682
10 624775
10 8241
10 109760
10 128598
10 426414
10 577368
11 622580
12 622378
12 32215
12 71525
13 622314
13 55222
13 102221
13 415663
13 419888
13 578644
13 617282
14 622148
14 30800
14 38129
14 67355
14 344898
14 408058
15 621746
15 53930
15 101502
15 140209
15 396867
16 621316
16 35127
16 41176
16 43766
16 431334
16 501047
17 625521
17 491008
17 497870
17 609809
18 620807
18 401792
19 620537
19 24678
19 43276
20 620496
20 38351
20 60132
20 99711
20 250575
20 614449
21 620226
21 104244
21 241325
21 574752
22 620139
22 97722
22 301614
22 311839
23 619941
23 54359
23 431400
23 433629
23 577362
24 619078
24 6096
24 46888
24 132771
24 351367
24 424532
24 431611
24 497306
25 619073
25 434824
25 573452
26 618105
26 418157
27 617381
27 59765
27 422178
28 617183
28 73510
28 425974
29 616855
29 312051
29 492427
29 577977
30 615810
30 67012
30 309567
30 344768
30 436514
31 614765
31 27131
32 614734
32 51620
32 132364
32 230974
32 301248
32 407187
32 505562
33 614719
33 109012
33 444186
34 614562
34 400118
35 614059
35 433828
36 613469
36 129131
36 249780
37 612574
37 338408
37 395062
37 409169
37 578355
38 611482
38 347781
39 611124
39 413484
39 428203
39 569506
40 610678
40 25111
41 610476
41 242723
41 623980
42 609707
42 566956
43 609598
43 343696
43 432504
43 436165
44 609238
44 143109
45 609036
45 303404
46 608976
46 135282
47 608836
47 55693
47 59698
47 493033
48 608721
48 626483
48 53284
48 100380
48 133292
48 578580
48 627507
49 607634
49 118469
49 385032
50 607369
50 45495
50 48801
50 51469
50 199144
50 350768
50 353019
50 437682
50 578392
51 607230
51 3707
51 17280
51 26166
51 26954
51 30591
51 41391
51 41886
51 48390
51 50516
51 51330
51 54351
51 128499
51 133221
51 137001
51 301973
51 302245
51 392083
51 415171
51 501825
52 606718
52 299459
52 302840
52 404686
52 592238
53 606613
53 440228
53 440703
54 606511
55 606384
55 75631
56 606054
56 50759
56 112548
56 358335
56 362003
56 376364
56 397345
56 443915
56 445176
56 614297
57 605664
57 91930
57 127148
57 132473
58 604379
58 105297
58 136571
59 604357
59 80497
59 112626
59 117522
59 329834
59 596465
59 601687
60 603928
60 89973
61 603823
61 45569
61 65331
61 70075
61 88328
62 603614
62 141997
62 295707
62 618828
63 603298
63 92691
63 298539
63 308404
63 425459
63 577092
64 602747
64 107709
64 304170
65 602592
65 12864
65 64490
65 90042
65 91429
65 95562
65 105207
65 133725
65 315892
65 331651
65 351718
66 602113
67 601636
67 94445
67 317279
67 442642
67 573281
67 600053
68 601248
68 62647
68 140031
68 202274
68 291178
68 393910
68 398344
69 601229
69 284013
69 294229
70 600976
70 83377
70 568919
71 599922
71 77206
71 331752
72 599711
72 553
72 440427
73 598452
73 440865
73 445599
74 598000
74 92282
74 417074
74 423971
74 615819
74 616681
75 597528
75 418434
75 448017
75 615852
76 597414
76 43060
76 139955
76 428535
76 494969
77 606251
77 62503
78 596823
78 41072
78 82981
78 231057
78 290564
78 298470
78 326723
78 556620
79 595845
80 594685
80 31404
80 73454
80 441960
80 444194
80 593253
81 594373
81 90834
81 233855
82 594066
82 70737
83 622126
83 57626
83 63069
83 107491
83 107507
84 593842
84 298095
84 299159
84 314154
85 592889
85 41625
85 159002
85 485634
86 592269
86 80487
86 232529
86 268031
86 442194
87 599237
87 20412
87 327241
87 565984
88 592166
88 86936
88 413245
88 415676
89 591351
89 136612
89 311606
89 568092
90 591263
90 112387
91 590683
92 589481
92 53891
92 284847
92 446510
92 599193
93 589354
93 608784
93 621539
93 93381
93 99796
93 280151
93 419855
93 449246
93 574528
94 588625
94 130571
94 349576
95 588135
95 16216
95 74731
95 435123
95 579089
96 587902
96 47270
97 587519
97 54426
97 214952
97 306999
97 325202
97 439885
98 587220
98 298144
99 587207
99 108733
99 251222
99 279323
99 288710
99 307561
99 319887
99 352488
99 620146
100 586947
100 4981
100 132197
100 436214
100 490700
101 334630
101 476310
101 518978
101 58328
101 68095
101 70138
101 240707
101 319082
101 438877
101 439142
101 444715
101 458649
101 468905
101 486424
101 510905
101 519368
101 521052
101 527215
101 548815
101 612421
101 628472
102 298870
102 608046
103 579447
103 67323
104 132665
105 333535
105 21299
105 65002
105 140752
105 333884
106 331546
106 109686
106 306943
107 439119
107 448566
107 93669
107 296310
107 413032
108 589938
108 299174
108 434177
109 330668
109 96726
109 164212
109 217253
110 309597
110 3002
110 303434
111 330452
111 326637
112 329125
112 27310
112 301690
113 545380
113 312500
114 328760
114 7861
114 306992
115 307689
115 375432
115 128044
115 580788
116 167947
116 178526
116 206957
116 455919
116 81847
116 84115
116 94431
116 157380
116 160777
116 209185
116 210593
116 308053
116 470303
116 513348
116 517408
116 523931
117 448321
117 308240
117 311465
117 435382
118 461629
118 62304
118 442409
119 326803
119 241747
120 326037
120 131509
120 324032
120 514578
121 445011
121 445809
121 80069
121 213962
122 470883
122 315920
123 320319
123 51490
123 52584
123 248735
123 298775
123 302320
123 458413
123 473219
123 574083
124 324755
124 158306
124 332353
124 353310
125 320189
125 152027
126 350823
126 46307
126 46574
126 142591
127 319633
127 108766
127 124902
128 92288
129 426097
129 394711
130 318622
130 42591
130 45493
130 307228
131 317756
131 310601
132 317626
132 8877
132 81151
132 148964
132 301499
132 319898
132 321729
132 552871
133 487303
133 223977
133 508903
133 533083
134 316799
135 317306
135 247712
136 98833
137 316765
137 370603
137 297656
137 305464
137 382021
137 436851
138 306784
139 451522
140 351175
140 410392
141 315820
141 323067
141 544563
141 548998
141 551344
141 552869
141 553586
141 112403
141 148616
141 168180
141 181762
141 181916
141 208544
141 227980
141 253231
141 302650
141 304640
141 306411
141 312703
141 318842
141 330711
141 332664
141 333601
141 335386
141 449211
141 451151
141 477970
141 521307
141 539997
141 545124
141 545157
141 547063
141 547686
141 548008
141 549121
141 549212
141 549450
141 550011
141 550121
141 551039
141 552406
141 578852
141 615859
142 487607
142 133642
142 603385
143 542538
143 26048
143 348137
143 444089
143 614313
143 615657
144 313923
144 491059
145 312184
146 617641
146 30466
146 61718
146 137931
146 140841
146 565174
147 311231
147 32146
148 544891
148 180493
148 521065
149 315756
150 334134
150 158897
150 315830
151 561479
151 128136
152 310871
152 23005
152 345531
153 92398
154 328087
154 144058
154 169257
154 304469
154 585027
155 322136
155 319747
155 320826
156 508448
157 310256
157 42192
158 309912
159 604149
159 357636
160 601792
160 79855
161 309524
162 308859
162 43956
162 103310
162 136355
162 301579
163 314849
163 136491
164 93049
164 423617
165 622486
165 565067
165 574065
166 445711
166 137365
166 447297
166 449292
167 439869
167 50536
167 85711
167 438932
167 449665
167 601732
168 305235
169 584703
170 304733
171 438922
171 76905
171 77213
171 622683
172 329005
172 144842
172 318180
173 304660
173 2509
174 304409
174 38579
174 343625
175 625771
175 108963
176 441925
176 72631
177 321828
177 602367
177 606799
177 40857
177 92927
177 230985
177 283913
177 392934
178 303975
178 22722
178 44284
178 47273
178 132074
179 424958
180 320541
180 64252
181 604577
181 76494
181 310500
181 330720
181 617366
182 300524
182 102907
182 231180
182 239691
182 240226
183 512343
183 546530
183 549102
183 94507
183 281966
183 303414
183 312198
183 449778
183 481695
183 545310
183 548354
183 551030
183 585270
184 170411
184 176834
184 462765
184 152633
184 181268
184 436229
185 451675
185 95330
185 299062
185 528653
185 538246
186 364113
186 293728
186 378703
186 597265
187 298573
188 113370
188 29341
188 32890
188 45457
188 132655
188 312261
188 496942
189 298451
189 33512
189 61543
189 425913
189 575628
189 578261
189 618571
190 329985
190 72392
190 310826
191 243716
191 38428
191 46609
191 46928
191 51000
191 136139
192 521842
192 81267
192 126605
192 132282
192 419289
192 421122
193 298043
193 347838
193 49486
193 63708
193 67150
193 69465
193 231819
193 445757
193 608193
193 621849
194 607673
194 23997
195 282407
195 298134
195 323654
196 518624
196 79154
196 210929
196 211566
196 329324
196 424088
197 296186
197 293919
198 295913
198 129505
198 246721
198 321455
198 612391
198 614093
199 296697
199 135836
199 139480
200 73335
201 331551
201 322239
201 464442
201 546209
201 548786
201 550580
202 295304
202 20940
202 23068
202 27686
202 231608
202 237101
203 239746
203 21004
203 37319
203 136781
203 336112
204 328424
204 167134
204 328138
204 547296
205 627412
205 126706
206 599128
206 82492
206 132935
206 322658
206 617483
206 620785
206 624102
207 292718
207 463467
207 55987
207 90019
207 209655
207 285578
207 286479
207 288261
207 293747
207 298605
207 438224
207 510099
207 518739
208 439387
208 447978
208 136674
208 138471
208 414295
208 423734
208 426205
208 432605
208 629540
209 292691
209 100376
209 132844
210 114142
210 342019
211 307785
211 45722
211 73960
211 136981
212 301293
212 67280
212 345058
212 353290
212 421169
213 319771
214 62858
215 423525
215 313175
215 398628
215 418396
215 429603
216 460122
216 38369
216 120210
216 131661
216 292027
216 293727
216 301445
216 303487
216 376620
216 416749
216 537069
216 538073
216 539381
216 557489
216 570737
216 594409
217 288417
217 34407
217 107982
217 250098
217 279615
217 435709
218 163471
218 45132
218 72007
218 84746
218 95970
218 446321
218 447254
218 451455
218 514272
218 607515
218 609153
219 290356
219 42631
219 44554
220 329646
220 85273
220 156787
220 165094
220 212504
220 305925
220 439286
220 451505
220 540757
221 324236
221 171042
221 255161
221 483635
222 547145
223 322072
223 144706
223 149635
223 180095
223 549105
223 554510
224 135760
225 323803
225 400538
226 289612
226 133626
226 308520
226 434513
226 558659
227 289540
227 60238
227 323409
228 529084
228 35313
228 51834
228 107541
228 302475
228 307068
228 319680
228 443237
229 320139
229 50539
229 140825
229 410444
230 553482
230 547574
230 550153
231 288405
231 508135
231 112862
231 282928
231 313192
231 320222
231 496974
231 497305
231 560836
232 288223
233 521113
233 570534
234 288052
235 325548
236 287678
236 70077
236 101809
237 88058
237 94468
237 94957
237 228209
237 230432
237 249793
237 255276
237 279143
237 305928
237 313922
237 326633
237 329561
237 330590
237 334714
237 336175
237 445680
237 528915
237 570280
237 592664
237 603687
237 25536
237 35661
237 50796
237 65469
237 75879
237 85680
237 105355
237 110986
237 236680
237 281995
237 282537
237 300858
237 309785
237 330637
237 331356
237 419103
237 445173
237 525795
237 555866
237 558619
237 563053
237 569202
237 583217
238 295800
238 500127
238 45129
238 120037
238 283619
238 308597
239 612780
239 39574
240 179092
240 207086
241 287514
242 157761
242 26921
242 57440
242 71975
242 81249
242 300057
242 302747
242 303850
242 458195
242 538321
243 285383
244 317555
244 241562
244 445126
245 158523
245 177273
245 223836
245 316446
245 317700
245 334528
245 450942
245 481514
245 482376
245 486676
245 517231
245 523940
245 540857
245 554954
245 591248
245 596961
245 19085
245 70356
245 75733
245 78796
245 94293
245 94478
245 137831
245 145742
245 146696
245 151682
245 166595
245 172075
245 172108
245 184894
245 231390
245 281599
245 316734
245 335006
245 343756
245 348603
245 354077
245 374410
245 440056
245 462849
245 471613
245 478151
245 493110
245 499579
245 523653
245 527995
245 537971
245 543263
245 550101
245 550254
245 572708
245 588997
245 590958
245 606889
246 285095
246 30097
246 329329
247 284684
247 107955
247 132756
248 332038
248 616463
248 98771
248 306968
248 321107
248 444657
248 496219
248 558174
249 583193
250 284289
250 36670
250 51606
250 70226
250 139095
250 427467
250 492900
250 493815
251 613196
252 56944
253 283769
253 318816
253 47088
253 116615
253 123221
253 320289
253 436707
253 609384
254 169271
254 467422
254 148630
254 446360
254 449070
255 283414
255 121937
256 31312
256 68450
257 545138
257 176619
258 615575
258 435353
258 616888
259 283238
259 244964
259 297799
260 482858
260 214167
260 295148
261 282490
261 314572
261 51980
261 108305
261 117865
261 126423
261 447204
261 580096
262 249141
262 140985
262 349084
262 576604
263 545244
264 309168
264 62155
264 109217
264 340667
264 345661
265 606377
265 49524
265 59733
265 236182
265 254389
265 289022
265 289350
265 300098
265 324432
265 326524
265 438536
265 564217
265 619562
266 281111
267 577214
267 10256
267 22207
267 56262
267 309062
267 388382
267 420125
268 280715
268 55177
268 70468
268 399706
268 436316
268 436836
269 314158
269 25683
269 38876
269 41433
269 48202
269 55235
269 55635
269 81345
269 84432
269 96016
269 109263
269 124948
269 134233
269 214169
269 310816
269 323015
269 328517
269 335489
269 442895
269 447555
269 461336
269 473319
269 531328
269 545776
269 546067
269 548759
269 562649
270 524868
271 87260
272 357856
272 20667
272 616672
272 627762
273 466243
273 479934
273 538669
273 75901
273 91806
273 104056
273 106474
273 108552
273 279339
273 300796
273 394135
273 440769
273 442615
273 509773
273 523928
273 562670
274 280153
274 523112
274 27779
274 81621
274 94013
274 96658
274 141752
274 229943
274 416318
274 591647
275 279562
275 80668
276 326559
276 234968
276 305641
276 315144
276 318481
276 319960
276 332041
276 333808
276 334090
276 336871
276 549252
276 552284
277 547449
277 553599
277 91291
277 99573
277 545830
277 547856
277 548571
277 548770
277 551134
278 252317
279 322184
279 465681
280 555074
280 141200
280 292923
280 314757
280 319990
280 544894
280 561326
281 325429
281 38048
281 47971
281 345095
281 427789
281 628044
282 297297
283 250002
284 220059
284 224441
284 287112
284 533684
284 592726
284 25893
284 60510
284 61139
284 74579
284 80535
284 87705
284 95809
284 126157
284 131523
284 206618
284 214053
284 222532
284 229516
284 229620
284 305214
284 310330
284 560137
284 572220
284 574290
284 592620
284 601598
285 252533
285 22955
285 57002
285 418234
285 491842
286 249988
286 425653
286 36510
286 100376
286 108283
286 310434
286 342468
287 247866
287 3095
287 425987
288 246024
288 175491
288 184503
288 334126
288 340591
288 352598
288 358659
288 479420
288 518086
289 242923
290 485794
290 40981
290 440087
290 443348
290 445937
290 528788
290 536932
290 537585
290 538515
291 551225
291 149136
291 549139
292 303199
292 29850
292 499911
293 293218
293 105878
293 251053
294 367521
295 327440
296 442933
296 438737
297 284492
297 319592
297 600250
297 44795
297 57171
297 130033
297 131455
297 141555
297 243267
297 339711
297 421176
297 428299
297 439271
297 448439
297 497812
297 500843
298 242066
298 70384
299 239744
299 171798
300 444909
300 439524
301 328203
302 624603
302 101471
302 627826
303 301694
304 238938
304 47015
304 49094
304 97764
304 108080
304 335913
304 337489
304 345972
304 501840
305 519534
305 60260
305 288069
305 317201
306 334197
306 57768
306 74368
306 96016
306 240259
306 484889
306 580852
307 606756
307 93627
307 445392
308 444123
308 56305
308 238853
308 280325
308 303656
309 139851
310 614538
310 73189
310 97800
311 235061
311 61744
311 73072
311 109080
311 312938
311 397788
311 413585
311 418360
311 432066
311 580149
312 233037
312 288126
312 289432
312 289991
312 303989
312 323201
312 363941
312 366139
312 559914
312 562163
312 576870
312 625448
312 26997
312 34273
312 48647
312 50346
312 53249
312 59012
312 60954
312 62830
312 65653
312 65883
312 66576
312 71013
312 73133
312 88602
312 90391
312 112210
312 113133
312 126639
312 134783
312 233699
312 239508
312 242033
312 246206
312 288738
312 301203
312 337731
312 341528
312 343541
312 345014
312 346331
312 349961
312 352318
312 355635
312 399463
312 400669
312 400822
312 413910
312 442355
312 447437
312 502868
312 557319
312 558249
312 581100
312 615099
312 619757
312 627424
312 628804
313 316640
313 98384
313 301309
313 573635
314 232785
314 849
314 68048
315 308750
315 37773
315 142408
315 500949
316 285180
317 227834
318 587633
319 165730
319 77829
319 298503
320 324964
320 44842
320 147465
320 161930
320 164267
320 184701
320 232458
320 251719
320 323190
320 453412
320 520380
320 544986
320 549144
320 549351
320 551406
320 564240
320 598429
321 546764
322 225420
322 130207
322 136574
322 224885
322 229845
322 313581
322 434884
322 438675
322 449019
323 74596
323 387701
324 162207
324 89338
324 147463
324 149915
324 185236
324 321909
324 464646
324 475674
324 553367
324 588349
325 223660
325 137971
326 143812
326 146364
326 544356
326 76944
326 81648
326 92578
326 439385
326 442734
326 443540
326 472474
326 479949
326 502914
326 524464
326 531109
326 534678
326 542232
327 424389
327 481311
327 227516
327 302612
328 298123
329 326404
329 330572
329 472236
329 584358
329 135934
329 138841
329 151480
329 156786
329 157258
329 169453
329 178077
329 211423
329 228190
329 301686
329 303385
329 307441
329 312394
329 320934
329 326775
329 477287
329 515938
329 541776
329 585560
330 593573
330 23645
330 29717
330 87130
330 88654
330 90080
330 123310
330 243790
330 296460
330 324660
330 325304
330 330060
330 416369
330 495227
330 607185
331 341374
332 438516
332 470106
332 525468
332 84005
332 326789
332 448222
332 478776
332 482554
332 530317
332 539401
332 544439
332 583314
333 222854
334 500104
335 222047
335 4811
335 39596
335 313009
335 624686
336 32210
337 221996
337 362317
337 456293
337 480535
337 96837
337 211743
337 212120
337 224337
337 357802
338 327188
338 28750
338 321043
339 546770
339 89882
339 93923
339 144373
339 162042
339 308983
340 604030
340 416800
340 434160
341 589888
341 288666
341 307092
341 328357
341 342684
342 554533
342 77092
342 486095
343 236253
343 26117
343 32024
343 36346
343 48947
343 628822
344 220564
345 333128
345 243714
345 302531
346 306078
346 72818
347 433612
347 28913
348 219291
348 525094
348 541214
348 75253
348 80640
348 81055
348 84364
348 84666
348 90393
348 119269
348 220768
348 224171
348 229516
348 229620
348 298823
348 337107
348 448316
348 509666
348 520981
348 541998
348 575584
348 586972
348 587138
348 596342
348 600463
348 606752
348 618742
349 218926
349 457431
349 78564
349 82202
349 92282
349 96468
349 240255
349 448508
349 451346
349 491942
349 529954
349 581875
350 100263
351 32131
351 50396
351 136588
351 414862
351 627327
352 76914
353 348619
353 18507
353 40539
353 63998
353 128984
353 407363
353 494932
353 627463
353 629636
354 217088
354 322598
354 99016
354 104733
354 108684
355 330261
355 335502
355 144265
355 149328
355 171471
356 618988
356 66485
356 243065
357 215941
357 18349
357 215621
357 291053
357 308067
358 32629
359 566058
359 27292
359 37134
359 45434
359 48912
359 57770
359 141237
359 142231
359 304895
359 336046
359 391747
359 403846
359 404903
359 405586
359 409574
359 409882
359 437474
359 438022
359 489414
359 500072
359 627543
360 98866
361 251782
361 73216
362 123024
362 414709
363 98304
364 217120
364 53087
364 79584
364 131258
364 207831
364 233723
364 241057
364 350725
364 575713
365 343546
366 369053
366 112901
366 279671
366 352386
367 602937
367 232474
367 290319
367 325301
367 499273
367 599994
368 454446
368 100418
368 303817
368 416663
369 95395
369 446710
370 179415
370 210151
370 223639
370 248515
370 441831
370 454245
370 456117
370 525765
370 596850
370 21809
370 79724
370 79882
370 108048
370 111083
370 128695
370 180028
370 209671
370 211174
370 219867
370 220551
370 223416
370 233499
370 281143
370 297965
370 302757
370 305273
370 309306
370 327899
370 336218
370 364973
370 450362
370 458161
370 469793
370 475653
370 482100
370 483676
370 484122
370 508574
370 523899
370 529676
370 535002
370 538047
370 563117
370 587640
370 594359
370 594882
370 597670
370 607324
371 508533
371 220190
371 435760
371 459683
372 334115
372 73556
373 480503
373 536167
374 322629
374 147150
375 212838
375 51421
375 315705
376 58621
377 539754
378 91924
379 515562
379 77562
379 100591
379 101053
379 294058
379 447877
380 550925
380 146055
380 161609
380 332196
380 530202
380 539398
380 547282
380 603674
381 206803
381 97799
382 614677
382 141950
383 534539
383 334202
383 443703
383 445053
384 466582
384 78316
384 224523
384 448949
385 15506
386 88082
387 552753
387 84045
388 87251
388 285719
388 331449
388 64585
388 77015
388 80981
388 85679
388 91861
388 101669
388 239559
388 291718
388 300481
388 317991
388 319613
388 323137
388 335344
388 494824
388 569732
388 617259
389 179064
390 36841
391 98945
392 91729
393 469898
393 603147
394 321029
394 5212
394 42634
394 45726
394 138205
394 310579
394 414122
394 557113
395 314537
395 112950
395 249469
395 437297
395 444035
396 427264
397 83261
397 312596
398 155411
399 376606
399 439004
399 26934
399 29175
399 30060
399 43783
399 46602
399 67012
399 99440
399 108095
399 136904
399 230738
399 301203
399 308543
399 309567
399 311521
399 315603
399 323479
399 338749
399 338879
399 384924
399 446138
399 571988
399 611743
399 628074
399 628616
400 449098
400 292358
400 317380
400 445303
400 445618
400 576838
400 584984
400 623573
401 310035
401 9309
401 308892
402 251607
402 534026
402 79410
402 215994
403 97092
403 127718
403 18557
403 39717
403 41036
404 81515
404 294824
404 421329
404 497415
404 521990
404 534904
404 582348
404 44288
404 48285
404 50407
404 73042
404 96128
404 108195
404 141646
404 241536
404 284271
404 297116
404 311510
404 332811
404 434281
405 305981
405 45954
406 589353
406 2787
406 39082
406 98460
406 418356
406 447482
406 491862
406 494530
407 207519
407 511632
407 595995
407 25424
407 71165
407 84195
407 320874
407 414079
407 444571
407 449455
408 332327
408 454226
408 486735
408 220572
408 375240
408 414639
408 466998
408 527393
408 589843
409 352263
410 585522
410 84729
410 297334
410 327472
410 611659
411 314240
411 524240
411 218569
411 219716
411 241715
411 287636
411 480359
411 592985
412 240756
412 448531
412 625810
412 54987
412 76760
412 87927
412 95539
412 124659
412 234192
412 294846
412 588403
413 21174
414 518006
414 360540
415 521333
415 232318
415 290513
416 45455
417 81171
417 573985
417 29422
417 35139
417 51953
417 59907
417 289406
417 313387
417 448948
418 474175
418 75006
419 540715
419 32511
419 70261
419 81854
419 299785
419 320933
419 441212
420 545151
420 552119
421 73451
421 64448
421 65129
422 86365
422 440211
423 334009
423 73341
424 326938
424 105679
424 143128
424 158122
424 475784
425 86371
425 245594
425 406866
426 319367
426 23048
426 25766
427 438906
427 524426
427 601877
427 209711
427 219775
427 226653
427 334919
427 441525
428 320968
428 30202
428 52310
428 99642
428 317810
428 622281
428 627694
429 316254
429 110631
429 343184
429 426879
430 544708
430 539162
430 548311
430 552674
430 553496
430 555060
431 328671
431 595484
431 7141
431 7312
431 19574
431 27101
431 36561
431 37361
431 47049
431 73503
431 139138
431 307929
431 310681
431 353753
431 382071
431 386422
431 435290
431 448142
431 570462
431 576142
431 580769
431 580923
431 629500
432 604075
432 35187
433 75402
433 564006
433 31754
434 327666
434 245594
434 253003
434 629098
435 313600
435 34964
436 440026
436 329103
436 438757
437 487947
437 51400
437 203663
437 620079
438 248979
438 54410
438 235877
438 435739
439 533992
439 432934
440 40353
441 414741
441 43720
441 63784
441 336938
442 69530
442 75333
442 76308
442 79534
442 82606
442 87800
442 92631
442 95864
442 112896
442 117510
442 124015
442 219966
442 234679
442 236373
442 236584
442 236721
442 305496
442 308221
442 309220
442 312756
442 316895
442 321453
442 322021
442 429102
442 440240
442 443198
442 464972
442 540096
442 566635
442 581865
442 591291
442 609619
442 611270
442 613409
442 615107
442 616708
442 3922
442 4579
442 7445
442 13108
442 16657
442 19629
442 21124
442 21240
442 22534
442 23454
442 23617
442 25231
442 25906
442 30137
442 30359
442 31181
442 31780
442 32838
442 33990
442 34025
442 34547
442 40327
442 42041
442 42648
442 46704
442 47974
442 48993
442 55400
442 55686
442 58129
442 58831
442 60021
442 61066
442 65493
442 73374
442 73802
442 78303
442 81114
442 85900
442 88031
442 88513
442 90919
442 95871
442 98107
442 99778
442 101852
442 102444
442 102637
442 102736
442 104292
442 105208
442 106441
442 107238
442 108281
442 108356
442 108912
442 117564
442 118832
442 119379
442 123185
442 131506
442 134609
442 135167
442 211926
442 233074
442 239045
442 249616
442 254211
442 269669
442 290032
442 290510
442 300206
442 301926
442 302050
442 303601
442 306415
442 307485
442 311895
442 312544
442 313009
442 313198
442 321914
442 323787
442 324361
442 331894
442 334884
442 336683
442 337026
442 340873
442 341680
442 346175
442 348043
442 349833
442 354506
442 391569
442 393319
442 395081
442 398821
442 399919
442 400502
442 408077
442 413787
442 413941
442 415313
442 415706
442 422365
442 426214
442 426659
442 426750
442 427276
442 429179
442 429735
442 430510
442 433307
442 434390
442 435746
442 439444
442 443231
442 445305
442 446246
442 457296
442 481151
442 494412
442 494419
442 498048
442 513378
442 518747
442 541969
442 542168
442 542269
442 562806
442 564742
442 565680
442 566781
442 568745
442 570609
442 573767
442 573797
442 574179
442 575903
442 578738
442 606807
442 607942
442 608374
442 609645
442 612527
442 613824
442 615471
442 615546
442 618043
442 618973
442 619549
442 621665
442 627780
443 322836
444 212057
444 77170
444 287478
444 614980
445 91976
445 293929
445 299760
445 39964
445 41769
445 58258
445 62144
445 64087
445 64888
445 67999
445 70401
445 85929
445 87102
445 96494
445 96624
445 100596
445 102721
445 127444
445 137429
445 279101
445 287114
445 288415
445 290419
445 305959
445 312520
445 313430
445 317642
445 320342
445 321789
445 322667
445 414618
445 415764
445 565382
445 581493
445 624973
445 626951
446 63463
447 305186
448 550314
448 57148
448 253829
449 68463
449 61072
450 314381
450 31704
450 620954
451 321452
451 22764
451 31340
451 39481
451 56667
451 58154
451 120675
451 241117
451 351778
452 313438
452 625942
452 54366
452 55844
452 63576
452 70889
452 97808
452 304864
452 429002
452 435860
453 148448
454 628549
454 131514
454 140233
455 227859
456 68264
457 517409
457 88411
457 440657
457 444574
457 599193
458 609882
459 546243
460 624394
460 137846
460 414386
460 414916
461 91753
461 284986
461 32438
461 75208
461 286446
461 441295
462 308236
463 550837
463 553364
463 485283
463 554994
464 97033
464 65941
465 444150
465 315406
465 443413
465 592274
466 573903
466 51568
466 57693
466 138102
466 424608
466 580749
467 613987
467 99612
467 142096
468 444283
468 416120
468 420879
469 462027
469 437222
469 446327
469 510752
470 586235
470 21033
470 31997
470 134983
470 240969
470 288931
471 75801
471 106501
471 313307
471 353153
471 439311
471 601147
471 29750
471 39046
471 39456
471 48278
471 52533
471 53380
471 55927
471 86294
471 109795
471 233302
471 288918
471 298834
471 299489
471 300569
471 326744
471 336341
471 352158
471 403083
471 607590
472 325256
472 86506
472 149536
472 178417
472 212123
472 358511
473 329807
473 81833
473 113024
473 335126
474 164088
474 289773
474 27398
474 30337
474 37226
474 40789
474 126032
474 282549
474 284703
474 315839
474 326998
474 337139
474 507127
474 508617
474 559002
474 559367
474 608916
474 617688
474 629777
475 98429
475 134818
475 428658
475 623798
475 13502
475 41412
475 52895
475 61896
475 101599
475 105204
475 126202
475 126488
475 132182
475 141648
475 253959
475 385578
475 391242
475 402659
475 417387
475 425158
475 425184
475 436589
475 629755
476 140063
477 320099
477 446127
477 34320
477 45629
477 61622
477 85524
477 133575
477 295946
477 336268
477 344096
477 397288
478 102076
478 42462
478 49892
478 577047
479 314084
479 181074
479 323084
480 63669
480 438962
480 568640
480 54286
480 60585
480 313189
480 499438
480 610935
480 615027
480 628070
481 294554
481 478337
481 509715
481 515403
481 582827
481 38600
481 48939
481 49289
481 55213
481 90606
481 93288
481 131324
481 220351
481 280379
481 285364
481 299564
481 301774
481 344414
481 441350
481 450907
481 510276
481 516126
481 517371
481 586339
481 619087
482 77613
482 9046
482 65765
482 279570
483 308811
483 18293
483 49373
484 487943
484 108905
484 444993
485 177374
485 532921
485 147552
485 153485
485 414971
485 469778
485 580867
486 28474
487 77419
487 303770
487 311449
487 425970
487 602737
487 20796
487 51647
487 69328
487 85309
487 131216
487 244510
487 248749
487 281308
487 282402
487 286930
487 288416
487 306102
487 307776
487 310999
487 311921
487 320382
487 331566
487 433381
487 435178
487 448432
487 491985
487 569961
488 443420
488 32001
488 40625
488 48881
488 105041
489 312844
489 61921
490 4077
491 10086
492 334503
492 332355
493 89375
493 85994
493 572862
494 478544
494 558309
494 80109
494 223551
494 240505
494 311328
494 352317
494 369339
494 417893
494 440681
494 534452
495 54749
496 174956
496 90861
496 207052
496 310428
496 462315
496 485093
496 485633
497 445552
498 87216
498 50988
498 311783
498 608469
499 592018
499 120652
499 327233
500 330391
501 104155
501 4044
501 5518
501 15261
501 41655
501 49803
502 40956
503 87019
503 417458
503 67348
503 108825
503 419160
503 425516
503 431677
503 506569
504 221165
504 83014
505 108547
505 38067
505 44560
505 102870
505 103963
505 311543
505 313460
505 338574
505 338773
506 307978
506 628901
507 562011
507 406515
507 421468
508 96013
508 37396
508 38832
508 39309
508 55816
508 66329
508 90228
508 95415
508 135922
508 354403
508 505651
508 507478
508 622479
509 336666
509 64528
509 504542
510 443130
510 436475
510 438992
510 570466
511 435329
512 286838
513 60917
514 38226
514 39794
515 316878
515 97249
516 98855
517 13918
518 114837
518 314055
518 45062
518 46361
518 68440
518 74279
518 116111
518 137811
518 307647
518 435207
518 435301
518 435992
518 436004
518 436959
518 437952
518 494928
518 499937
518 629743
519 55291
520 310775
521 82146
521 510664
521 533779
521 25808
521 29112
521 58090
521 101880
521 209803
521 222544
521 248733
521 290968
521 294895
521 297942
521 306851
521 321455
521 329910
521 349529
521 432073
521 544167
521 573204
521 573934
521 586692
521 591013
521 610796
521 625353
522 23221
522 21753
522 70089
522 73067
522 73813
523 289424
523 282962
523 293670
524 331850
525 72580
526 544629
526 548990
527 236276
527 31404
528 556828
528 12165
528 37282
528 39069
528 63372
528 67280
528 413642
529 18007
530 583661
530 21006
530 38822
530 41531
530 234778
530 254465
530 298411
530 439025
531 314963
531 45726
531 50941
531 237801
531 339644
531 401882
531 421095
531 421419
532 168352
533 252040
533 42479
533 47978
533 66708
533 136153
533 354315
533 627569
534 313384
534 56693
534 63805
535 39882
535 38344
536 314603
537 526733
537 59764
537 122650
537 306106
537 424037
537 448187
537 601279
538 63686
539 434238
539 39901
539 353361
540 50925
540 53527
540 73925
540 88425
540 90116
540 92312
540 95174
540 128089
540 241014
540 282384
540 283260
540 296403
540 296772
540 301824
540 305048
540 306563
540 307655
540 308247
540 310796
540 312611
540 320367
540 322709
540 325933
540 337950
540 358826
540 360870
540 369553
540 372794
540 383469
540 425914
540 427830
540 435265
540 438728
540 439437
540 440187
540 443493
540 444112
540 445007
540 448341
540 448518
540 448995
540 449690
540 567698
540 599559
540 600229
540 603226
540 604193
540 624597
540 628084
540 629409
540 6368
540 16597
540 21683
540 22754
540 23055
540 27666
540 28745
540 28961
540 33118
540 33427
540 38605
540 40529
540 43415
540 43952
540 47051
540 50852
540 54504
540 59055
540 59559
540 60258
540 64227
540 66552
540 68468
540 70274
540 77493
540 83780
540 83787
540 85270
540 86564
540 92489
540 96172
540 97308
540 97678
540 98134
540 98587
540 100306
540 101132
540 101307
540 104688
540 105004
540 112185
540 135322
540 136994
540 138322
540 139344
540 141145
540 195878
540 236551
540 236856
540 245185
540 247845
540 250540
540 286037
540 287270
540 290626
540 294858
540 297855
540 298592
540 301526
540 303240
540 303448
540 303597
540 303959
540 304351
540 305042
540 311362
540 312424
540 315338
540 319562
540 321042
540 324047
540 324793
540 331175
540 333636
540 334192
540 334944
540 336069
540 336942
540 341056
540 345176
540 348566
540 350534
540 382679
540 401511
540 415115
540 421845
540 426853
540 433333
540 434398
540 435957
540 442069
540 442737
540 444176
540 444209
540 447364
540 447480
540 491059
540 497469
540 559177
540 570252
540 575481
540 606182
540 613136
540 613219
540 614129
540 616772
540 617900
540 617905
540 624745
540 625618
540 626344
540 628836
541 148419
541 519090
541 215127
541 363430
541 542426
541 604151
542 97380
542 16331
542 60305
543 301399
543 98494
543 174126
544 534742
544 218801
544 303215
545 31213
546 435316
546 54625
546 125917
546 423044
546 501311
546 576575
546 580959
547 579093
547 13552
547 39481
548 517483
548 370019
548 372561
548 377964
549 246428
549 244183
549 312854
549 336293
549 415725
549 499433
550 283789
550 284886
550 295334
550 300186
550 322931
550 347511
550 360340
550 365822
550 377985
550 434463
550 557283
550 582679
550 583002
550 588449
550 23204
550 30508
550 56534
550 60171
550 65831
550 83185
550 98009
550 109098
550 125634
550 131917
550 243863
550 284520
550 290485
550 306120
550 309917
550 310416
550 323290
550 340469
550 344495
550 348003
550 351133
550 354128
550 361789
550 435070
550 436087
550 437649
550 627484
551 436067
552 615015
552 21821
552 27527
552 27994
552 28297
552 43405
552 59669
552 61975
552 101065
552 124068
552 240231
552 242094
552 300954
552 309561
552 310644
552 313389
552 313507
552 348081
552 351145
552 431657
552 432390
552 437153
552 626595
553 254394
553 38038
553 44309
553 48893
553 52413
553 58874
553 59304
553 109229
553 303670
554 23701
555 281443
555 104983
555 108141
556 43386
557 46642
558 458013
558 521841
558 444519
558 445036
558 531112
559 332456
559 425204
559 523081
559 529995
559 536363
559 83181
559 92082
559 99320
559 213064
559 415463
559 511830
559 605675
560 445166
560 48969
560 339540
560 340447
560 496480
561 531668
561 535912
561 21222
561 220359
561 336231
561 603489
562 18372
563 170337
563 176474
563 208498
563 237378
563 458645
563 472781
563 480188
563 480754
563 539522
563 546507
563 547402
563 592130
563 19149
563 66887
563 84247
563 136968
563 145662
563 156544
563 159977
563 176571
563 214133
563 226112
563 238895
563 242483
563 245678
563 287432
563 307254
563 317639
563 372987
563 444519
563 446344
563 447879
563 549877
563 553848
563 582434
563 597075
564 318330
564 84616
564 100617
564 106649
564 107879
564 153281
564 163674
564 182399
564 229622
564 321184
564 330175
564 419448
564 450327
564 458076
564 477445
564 514521
564 519876
564 553459
564 553729
564 588673
564 628546
565 214622
565 443382
565 539556
565 84471
565 96635
565 120978
565 211622
565 310292
565 311823
565 345612
565 348493
565 415742
565 433953
565 442210
566 105103
566 97504
567 48535
568 437794
568 612437
568 43301
568 49584
568 52346
568 302369
568 575498
568 575886
568 580465
569 154295
569 456902
569 99142
569 210974
569 439817
569 474814
569 480215
569 511182
569 583332
570 459259
570 450590
570 469600
571 241257
571 30461
571 97692
571 102031
571 106610
571 429745
571 488894
571 495823
571 496907
571 503561
572 95123
572 330335
573 46207
574 27351
575 307418
575 326751
575 621765
575 63511
575 317278
575 478864
575 545098
575 549388
575 550134
575 553811
575 572296
576 541238
576 540177
577 515311
577 85780
577 211186
577 213231
578 551908
578 547027
578 549766
579 62781
580 108250
581 99789
582 290456
582 107189
582 228000
582 245625
582 303532
582 432613
582 522787
582 602664
583 101896
584 226678
585 151254
586 104114
586 287721
586 103223
586 138644
586 311447
586 323252
586 446896
586 576981
587 334562
587 38612
587 167153
587 182344
587 287897
587 320173
587 327064
587 550247
587 563951
588 621279
589 53242
590 628707
591 423648
591 55412
591 125779
592 61898
593 510984
594 100649
595 450444
595 517320
595 520960
595 595345
595 620344
595 43733
595 134942
595 221676
595 296831
595 298191
595 424617
595 447585
595 516126
595 531770
595 540209
595 590065
595 595185
596 101706
596 32023
596 139496
596 493624
597 304903
597 64406
597 137634
597 434360
598 102201
599 107212
599 298163
599 328437
599 560635
599 569409
599 8049
599 19458
599 24355
599 28737
599 38334
599 51361
599 52152
599 53800
599 103273
599 117332
599 126837
599 137405
599 141020
599 337188
599 338480
599 413496
599 432579
599 434024
599 434507
599 578131
600 77904
600 436010
600 281789
600 402655
601 156026
601 326589
601 331292
601 444463
601 462468
601 528057
601 77274
601 132983
601 143849
601 146676
601 148498
601 153057
601 153169
601 154983
601 155427
601 165397
601 173151
601 183315
601 185256
601 207198
601 212075
601 219810
601 287766
601 292807
601 309724
601 323324
601 330724
601 373328
601 376168
601 380327
601 380614
601 417426
601 429455
601 439546
601 441424
601 442372
601 446920
601 466981
601 474776
601 479136
601 511022
601 539501
601 541049
601 549562
601 558091
601 608383
601 628045
602 102989
602 60746
603 138477
603 285956
603 442731
603 28991
603 51872
603 53930
603 68905
603 126359
603 137695
603 140209
603 231811
603 237688
603 306762
603 312130
603 339560
603 613036
603 615655
603 625316
604 548491
604 553243
604 554333
604 208448
604 448310
604 544869
604 545502
604 545701
604 555008
605 445691
605 252526
605 440382
606 103926
607 179812
607 371195
607 443294
607 549071
607 37745
607 74919
607 79018
607 115790
607 150894
607 163397
607 171541
607 208165
607 209220
607 243876
607 295208
607 296749
607 323811
607 354944
607 435249
607 467754
607 473699
607 522375
607 547588
608 113435
608 101919
608 434199
609 168364
609 334180
609 335299
609 60376
609 81345
609 84758
609 86584
609 150659
609 165630
609 296485
609 309902
609 346944
609 352586
609 352638
609 383285
609 385081
609 513410
609 544931
609 547875
609 547901
609 552688
609 553112
609 553825
609 619977
610 280077
610 540742
610 451965
610 470694
610 532003
611 588109
611 289994
612 104924
612 6901
612 63743
612 134714
612 431655
613 233022
613 53342
613 97793
613 126946
614 249521
614 3707
614 12842
614 104825
614 132237
614 136465
615 467994
615 85520
615 221287
616 575567
616 595515
616 598520
616 610700
616 21786
616 73746
616 81026
616 295239
616 349413
616 502865
617 526848
617 80309
617 81699
617 512334
617 603278
618 106942
618 236029
618 322574
618 332056
618 545222
618 609168
618 23547
618 28995
618 35573
618 38708
618 38876
618 51311
618 74368
618 102241
618 240259
618 308211
618 310816
618 314877
618 324397
618 338020
618 416016
618 429355
618 476056
618 546067
618 603090
619 107041
619 55100
620 107161
621 154800
621 95219
622 456496
623 108027
623 613173
624 284583
624 59175
624 114447
624 314310
625 223301
626 468390
626 41385
626 443561
626 525927
627 155356
628 548385
628 548785
628 467678
628 547055
629 478075
629 81692
629 211248
630 513563
630 93299
630 93560
631 83474
631 3382
631 237801
631 329035
631 330608
631 414122
631 441412
632 550160
632 87404
632 286052
632 439003
632 446508
632 447920
632 460785
632 469107
632 487400
633 109636
633 31256
634 446772
634 104046
634 573124
635 328787
635 590329
635 14411
635 15151
635 36708
635 46531
635 86195
635 300979
635 301785
635 424694
636 444280
636 20517
637 323279
637 479165
637 13971
637 151710
637 153982
637 164126
637 208868
637 324793
637 373746
637 449295
637 476784
637 478526
637 515900
638 31335
639 104402
640 111976
640 590349
640 29907
640 31299
640 36199
640 37046
640 52006
640 87284
640 101096
640 102580
640 123414
640 124921
640 242724
640 299802
640 310268
640 337079
640 618523
640 622969
641 174368
641 378136
641 30497
641 79011
641 92706
641 311953
641 316668
641 362159
641 447233
642 487927
642 254784
642 312892
642 520528
642 525334
642 539670
643 587779
643 590427
643 13356
643 54414
643 82972
643 238341
643 253792
643 263294
643 312301
643 354433
643 418340
643 419708
644 321438
644 34940
644 134857
644 136843
644 138709
644 140291
644 140350
644 141875
645 53102
646 320646
646 149606
646 578115
647 334788
647 65569
647 232080
647 311004
648 36803
649 177646
649 548406
649 105782
649 108951
649 136227
649 168951
649 175117
649 180054
649 230701
649 231819
649 280521
649 302224
649 303178
649 314153
649 437352
649 512404
650 117412
650 100342
650 109075
650 305325
650 306230
650 309133
650 579716
651 320400
651 166222
651 169194
651 325789
651 444294
651 445016
651 447725
651 468154
651 480501
651 554537
652 318043
652 145669
652 314913
653 477460
653 82645
653 228911
653 318405
653 580449
654 134462
655 129748
655 309866
655 311876
655 506600
655 577471
655 577711
655 30046
655 90404
655 98075
655 99546
655 100080
655 103810
655 107538
655 109191
655 141067
655 142601
655 302389
655 310867
655 346049
655 413956
655 415911
655 423693
655 427561
655 427691
655 430501
655 444732
655 488072
655 488498
655 488778
655 488909
655 489284
655 489547
655 490818
655 491312
655 491734
655 491972
655 493150
655 493329
655 493451
655 493779
655 495179
655 497574
655 498372
655 499160
655 499203
655 500342
655 500546
655 502060
655 502308
655 502974
655 503783
655 506184
655 506221
655 506869
655 507508
655 573861
655 578479
655 580922
655 586736
656 362638
656 289250
656 304680
657 301899
657 128868
658 540334
659 47261
660 249963
660 169527
660 515069
661 222913
661 541672
661 22997
661 49991
661 60337
661 65419
661 69621
661 88556
661 101319
661 105507
661 128516
661 140894
661 215038
661 221533
661 232939
661 284631
661 432896
661 506891
661 597179
662 74464
662 85890
662 87160
662 92438
662 92603
662 101154
662 284305
662 286171
662 304927
662 319867
662 444039
662 444991
662 544134
662 544371
662 603715
662 1641
662 12107
662 14118
662 30265
662 36345
662 39861
662 40233
662 48442
662 50834
662 52834
662 54626
662 54687
662 56374
662 61389
662 79222
662 83395
662 85178
662 87250
662 92955
662 96135
662 97083
662 102611
662 108761
662 137169
662 142519
662 227710
662 248002
662 251615
662 254578
662 301845
662 304295
662 304802
662 306958
662 311345
662 312022
662 318579
662 327400
662 334132
662 334861
662 353595
662 394473
662 405824
662 438044
662 441015
662 441318
662 444386
662 449371
662 490876
662 550028
662 581998
662 613569
662 621426
663 121603
663 4547
663 43155
663 59180
663 438401
664 291884
664 20470
664 44538
664 92374
664 121415
664 280118
664 285527
664 497471
664 623329
665 153929
666 51689
667 579573
667 53279
667 426207
667 431522
668 583490
668 22536
668 88012
668 290863
668 293567
669 168446
669 251153
669 19055
669 63252
669 81350
669 82518
669 90385
669 175336
669 181848
669 213271
669 218011
669 218891
669 226887
669 293276
669 296993
669 299714
669 321942
669 334168
669 443951
669 446455
669 479983
669 482683
669 523942
669 525216
669 571457
669 590463
669 596209
669 596371
669 603095
669 604175
670 464081
671 106165
671 44773
672 548656
672 528966
673 311032
673 21168
673 23965
673 126065
673 499609
674 298048
674 41838
674 47103
674 49809
674 52411
674 118247
674 202708
674 429328
675 301645
676 532631
676 51490
676 286802
677 73016
678 576502
678 68285
679 140087
680 437299
681 284089
682 142830
682 459814
682 473914
682 482726
682 588113
682 591319
682 598415
682 70408
682 95218
682 114509
682 179540
682 220488
682 283617
682 285958
682 307876
682 418811
682 433389
682 434384
682 439464
682 443781
682 443856
682 445352
682 449519
682 475668
682 524873
682 544906
682 608077
682 613534
682 625268
683 322883
683 159930
683 159970
683 164102
683 331576
683 435311
683 457314
683 458033
683 459281
683 465079
683 546341
683 554918
683 623094
684 307342
684 567807
684 113653
684 135989
685 65243
686 152452
686 77046
687 154809
687 32336
687 93679
687 102070
688 315175
688 306411
688 307088
688 314494
688 545872
688 546065
688 546442
688 549488
689 553232
689 64186
690 91260
691 438528
691 579518
692 549307
692 229656
693 578141
693 29999
693 33955
694 157360
694 73606
694 85780
694 92900
694 289134
694 312390
694 460810
694 518460
694 539513
694 578252
695 488806
695 493387
696 316353
697 158434
698 604956
698 42646
698 61562
698 286481
699 536603
699 397683
699 445740
700 327710
700 587076
700 45598
700 131055
700 279221
700 280511
700 327515
700 427196
700 451002
700 458463
700 519818
700 523197
701 532735
701 76946
701 92323
701 111603
701 235020
701 281601
701 285074
701 293518
701 306692
701 427085
701 440877
701 504485
701 611573
701 627958
702 322527
703 445626
703 443871
704 467806
704 307725
705 557635
705 105761
706 318161
706 114590
706 156096
706 325779
706 471320
707 16465
708 161348
708 222459
708 224317
708 226723
708 228098
708 233433
708 289616
708 299963
708 325232
708 441394
708 453934
708 459963
708 471038
708 515143
708 538491
708 591559
708 593261
708 596822
708 601464
708 6511
708 14208
708 16661
708 25844
708 34336
708 35581
708 53503
708 55099
708 70477
708 75473
708 76707
708 77602
708 77953
708 79893
708 81146
708 82724
708 83394
708 84101
708 86627
708 88263
708 93074
708 94575
708 94733
708 95001
708 108234
708 208781
708 210003
708 212685
708 212917
708 213393
708 213634
708 214785
708 215667
708 216935
708 217868
708 218022
708 219112
708 222140
708 222724
708 222905
708 223779
708 223883
708 236443
708 239668
708 280428
708 281101
708 284929
708 285715
708 286898
708 288533
708 289727
708 290145
708 290225
708 294376
708 295762
708 298600
708 299022
708 299187
708 313529
708 314564
708 322987
708 437186
708 438227
708 441540
708 448861
708 454148
708 486930
708 501280
708 522504
708 524502
708 528608
708 530885
708 536230
708 573652
708 574715
708 575154
708 582686
708 584161
708 590463
708 592094
708 592538
708 594045
708 600692
708 601394
708 604261
708 610385
708 622691
708 622899
708 623339
709 543365
709 219492
709 524656
710 300594
710 232169
710 341393
710 425937
710 428547
710 629788
711 165846
711 216198
711 76307
711 297430
712 291573
713 166278
713 464710
713 474058
713 483433
713 590912
713 597944
713 87407
713 92728
713 101261
713 216226
713 225068
713 250896
713 276047
713 305074
713 323742
713 456330
713 459063
713 462110
713 472995
713 529453
713 535637
713 583012
713 591700
713 616568
713 617036
714 33938
715 88138
715 108651
715 244960
715 249681
715 280985
715 288287
715 292322
715 297709
715 314880
715 438811
715 445167
715 11172
715 24963
715 36691
715 46803
715 56374
715 57295
715 66554
715 68205
715 97572
715 99973
715 101462
715 101677
715 105181
715 107584
715 109375
715 118482
715 125705
715 128600
715 137778
715 230583
715 231527
715 232606
715 298100
715 303064
715 406775
715 439281
715 440197
715 442097
715 500240
715 576322
716 324308
716 35543
716 59570
716 101520
716 158329
716 221988
716 398649
716 425552
716 484484
716 588004
716 610646
716 622572
716 624575
717 445189
718 625829
719 55435
720 552762
721 168340
721 291769
721 1013
721 10330
721 22364
721 31404
721 31973
721 32575
721 37569
721 47811
721 59603
721 60161
721 61792
721 64436
721 67544
721 109561
721 116676
721 127041
721 134825
721 136374
721 138129
721 284232
721 284233
721 294284
721 295104
721 326957
721 390053
721 396641
721 418552
721 419402
721 420980
721 421648
721 434814
721 435638
721 449797
721 456302
721 495898
721 505100
721 577385
721 582067
721 593253
721 611649
722 85996
723 459729
723 84723
723 223728
724 127241
725 537359
725 79455
725 108841
725 287422
725 389938
725 629329
726 32688
727 547725
727 550736
728 177676
728 96078
728 443707
729 50028
729 627375
730 177306
730 318760
730 85974
730 93898
730 125471
730 143472
730 153009
730 161387
730 184029
730 286961
730 294412
730 445319
730 448348
730 487175
730 565186
731 446515
732 451229
732 75088
732 76816
732 77010
732 80757
732 82425
732 127488
732 208241
732 218187
732 227941
732 252580
732 310509
732 331836
732 511330
732 511631
732 518596
732 530740
732 533127
732 568622
733 87993
734 455846
734 520503
734 78893
734 97470
734 218465
734 225329
734 414243
734 422086
734 422955
734 435125
734 435236
734 449373
734 596557
734 598785
734 599566
734 622547
735 541574
735 77775
735 522199
736 614385
736 624665
736 35609
736 102067
736 112642
737 178340
737 531650
738 508822
738 239859
739 178479
739 475287
739 95007
739 123095
739 442151
739 470141
739 516167
739 533950
740 217162
740 317247
740 44254
740 140509
741 364387
741 143983
741 179209
741 331177
741 365602
741 374448
741 469610
742 230471
742 4034
742 41940
742 128414
742 136604
742 628375
743 178617
743 134604
743 136387
743 414303
744 208227
744 414518
744 438455
744 524665
745 182300
745 145388
746 286506
747 416259
747 431806
747 614705
747 60345
747 61238
747 65311
747 69270
747 103249
747 125264
747 126918
747 132087
747 232378
747 304131
747 309165
747 311736
747 338805
747 345102
747 349198
747 424215
747 427417
747 429279
747 575487
747 628000
748 180470
748 84382
749 119361
749 44169
749 340007
749 580435
750 298633
751 206710
751 79302
751 82692
752 106798
753 36088
754 404276
755 433110
755 533341
755 73852
755 102996
755 282276
755 298854
755 607815
756 473034
756 210820
756 213748
756 218362
756 289520
756 518041
757 442089
757 37067
757 55820
757 343307
757 417258
757 431961
758 583509
758 596545
758 22201
758 40367
758 72034
758 93381
758 331702
758 440808
758 447636
759 212103
759 46511
759 51774
759 121964
759 329181
759 329269
760 468980
760 599515
761 334631
761 122054
762 529485
762 604118
762 31337
762 83976
762 234929
762 238477
762 250851
762 489430
762 516864
763 74630
764 571957
764 99814
765 335223
765 11423
765 39574
765 57773
765 117950
765 301164
765 330528
765 348734
765 416155
766 335915
766 68675
767 449033
768 336189
769 254737
769 440481
769 91362
769 147774
769 150215
769 211626
769 472244
770 339130
771 341389
771 55588
771 139354
772 327835
772 64665
773 344334
774 307316
774 138990
774 354587
774 629657
775 116399
775 41558
775 47764
775 50466
775 64120
775 64759
775 72463
775 344764
775 392997
775 406779
775 499356
776 345028
777 345071
777 50227
777 68413
777 499082
778 597175
778 313476
779 347333
780 177523
781 348171
781 436974
781 512138
781 516931
781 573085
781 575149
781 33935
781 35059
781 36351
781 43817
781 56207
781 66175
781 101467
781 103607
781 108618
781 129327
781 129977
781 142048
781 230256
781 299586
781 302481
781 303192
781 304183
781 307222
781 311421
781 334564
781 345444
781 380743
781 404112
781 422649
781 438162
781 438642
781 440059
781 445882
781 569985
781 620780
782 311090
782 628066
782 21308
782 138030
782 139093
782 402157
783 349940
783 342270
783 500822
784 350388
784 447412
784 478156
784 19522
784 23953
784 31185
784 46286
784 61419
784 64066
784 70451
784 71657
784 71802
784 141334
784 293895
784 391353
784 430176
784 438239
784 445076
784 565517
784 580800
784 602308
784 604888
785 316224
785 307606
786 106451
787 141806
788 351579
788 53146
788 56425
789 352760
789 135360
789 346609
790 352943
791 420592
792 64374
793 356642
793 89621
793 109198
793 279409
793 333076
793 367493
794 585096
794 293351
794 314523
794 449133
794 572969
795 357975
795 280753
795 342918
796 127201
796 242174
796 301978
796 1833
796 244183
796 310551
796 336293
796 337907
796 347989
796 431899
797 362901
797 253473
797 334569
797 497317
798 363472
798 416660
798 469580
798 624506
798 22234
798 53989
798 61486
798 88331
798 208367
798 242808
798 366225
798 417831
798 419843
798 421361
798 423666
798 423936
798 428212
798 436896
798 440707
798 448651
798 473338
798 574189
798 593030
798 615608
798 628749
799 74300
800 364211
800 375963
800 378320
800 614668
800 58084
800 59404
800 143009
800 209704
800 210787
800 244842
800 251902
800 355833
800 377624
800 444799
800 458116
800 463937
801 142721
801 440614
801 449325
802 442060
802 279399
802 304672
802 418799
802 581521
803 371350
803 52717
803 238525
803 335870
803 336744
803 343111
803 352790
804 553226
804 548165
804 550153
805 614968
805 98529
805 128220
805 428175
805 568089
806 237848
806 34220
806 44814
806 62644
806 64273
806 432233
807 372197
807 27087
807 31935
807 82659
807 255198
807 370858
807 376153
807 619529
808 551855
808 545753
808 547203
808 547720
808 548191
808 548770
808 551134
808 552301
809 376721
810 560646
811 376800
812 166833
812 215026
812 217805
812 81928
812 93127
812 162476
812 208138
812 208191
812 225903
812 244491
812 282852
812 319841
812 421147
812 439448
812 441606
812 456826
812 459297
812 461390
812 463808
812 468648
812 510454
812 519789
812 530971
812 609178
813 377659
813 326341
814 129835
815 379677
815 32589
815 336454
816 382273
816 238451
816 254455
816 450671
816 472315
817 584111
817 109377
817 113132
818 382964
818 81380
818 95763
819 517837
819 227510
819 345608
819 440977
820 383488
820 3366
820 362938
820 442846
821 626374
821 36376
821 578149
822 532094
822 219120
822 309792
822 369301
823 385705
824 590481
824 442802
824 442846
824 555896
825 392493
825 125642
825 131452
825 133663
826 184382
826 324639
826 328709
826 430013
826 448073
826 454075
826 463564
826 469398
826 474063
826 477897
826 512821
826 516857
826 517364
826 535466
826 608954
826 15193
826 29174
826 34326
826 53462
826 77009
826 81983
826 82469
826 87008
826 88217
826 89382
826 90193
826 93930
826 95031
826 103259
826 104718
826 108510
826 112608
826 143170
826 146682
826 148001
826 159468
826 163737
826 164004
826 170882
826 222245
826 279697
826 291317
826 292031
826 292199
826 318853
826 332641
826 335096
826 415907
826 426455
826 434584
826 439662
826 439770
826 441446
826 443386
826 446471
826 446694
826 447528
826 451764
826 455180
826 456453
826 460885
826 461511
826 463765
826 467504
826 469655
826 469992
826 477516
826 478229
826 478989
826 480475
826 485994
826 510250
826 517402
826 519338
826 525107
826 529102
826 536299
826 540002
826 540937
826 541261
826 542651
826 550414
826 556698
826 585342
826 588517
826 589549
826 602638
826 613647
826 622369
827 502284
828 404391
828 130159
828 139331
829 444315
829 28995
829 38708
829 312290
830 327768
831 525756
831 75272
831 208415
831 506439
832 405939
833 453626
834 217586
835 109164
835 21129
835 60764
836 408503
837 548237
837 94478
837 139474
837 146696
837 152490
837 180813
837 308019
837 551417
838 214486
838 302815
838 614557
838 42698
838 47881
838 53622
838 64422
838 134531
838 503330
838 629107
839 413594
839 41106
839 125366
839 134350
839 135408
839 498858
840 280626
840 20417
840 31536
840 245318
841 103851
842 584679
843 447973
843 122054
844 465632
844 480134
844 465580
844 542997
845 97185
845 2969
845 13343
846 516731
846 113697
847 574399
847 71373
848 414143
849 332322
849 26456
850 535024
850 603358
850 615823
851 294087
851 42596
851 48545
851 419507
852 414294
852 583427
852 72752
852 80060
852 338744
852 367655
852 434633
853 415534
854 520889
854 214192
854 236687
854 368060
854 595704
855 415641
856 527650
857 420331
857 618543
857 21027
857 98120
857 131196
857 141045
857 242272
857 245105
857 305753
857 335676
857 340231
857 419128
857 431774
857 433919
857 505754
857 506773
858 542321
858 208530
859 209620
859 611970
859 33309
859 247051
859 284506
859 310585
859 624749
860 421053
861 302239
861 12405
861 15477
861 22125
861 33865
861 36869
861 45719
861 53724
861 66530
861 137449
861 352120
861 395336
861 418365
861 501280
861 628076
862 422446
863 422503
864 423424
864 46442
864 57156
864 403602
864 426440
865 426822
865 51218
865 70711
865 137476
865 137523
865 408309
866 427621
866 60846
867 428448
867 71968
867 345318
867 391091
868 509121
868 514950
868 543056
869 429926
869 572142
869 620296
869 567
869 48234
869 48841
869 63264
869 66726
869 68870
869 136030
869 385663
869 390744
869 401440
869 489862
869 627832
870 283738
871 554793
871 208509
871 472871
872 465460
872 587791
872 91115
872 142574
872 191643
872 214433
872 223715
872 225616
872 302757
872 309745
872 326059
872 516605
872 601687
873 432229
873 50406
873 51736
874 221152
874 41236
875 433282
876 448808
876 48349
876 101960
876 137402
876 323214
876 396782
876 571915
877 433341
877 48193
877 421660
878 328241
878 540870
878 79915
878 80808
878 113697
878 212400
878 248358
878 251681
878 251939
878 444468
879 434306
880 327229
880 417962
880 425423
880 608555
881 434461
881 418750
881 422369
882 444442
882 546712
882 15873
882 315788
882 431752
882 491479
883 512091
883 208581
883 291359
883 595279
884 554797
884 463660
884 549566
885 434590
885 47723
886 556580
886 616871
886 33964
886 50105
886 58070
886 125363
886 130344
886 142438
886 384627
886 504166
887 604324
887 72902
887 138944
887 314628
887 555398
887 561253
888 427549
888 349999
888 628412
889 434620
889 52437
889 100889
889 104274
890 434839
890 595998
890 38127
890 48248
890 316268
890 334377
890 595012
891 1188
891 47559
891 488042
891 504806
892 434876
892 60200
892 71863
893 324221
893 36363
893 46080
893 56019
893 130674
893 343164
893 347202
893 495930
894 99806
894 387860
894 18547
894 37007
894 39336
894 40519
894 58728
894 68515
894 97290
894 133473
894 138487
894 141978
895 526923
895 21888
895 75717
895 76580
895 89766
895 94122
895 238152
895 257648
895 284181
895 533516
895 543465
895 602852
896 435132
896 41731
896 345276
897 435222
897 28019
897 43321
897 46980
898 596122
898 21353
898 136900
898 288392
899 435846
899 130226
900 436114
900 109313
900 435757
901 436369
901 47314
901 140395
902 436407
902 47704
902 404053
902 414465
903 436435
904 137371
905 436710
905 416005
906 436827
906 431565
907 625490
907 103297
907 108998
908 436930
908 347431
908 421169
909 437773
909 106963
909 109507
910 437981
911 438130
911 72131
911 127994
911 133007
912 517978
913 438284
913 8817
913 20363
913 413673
913 431644
914 438872
914 483360
914 41450
914 91106
914 358335
914 379798
914 439292
914 529351
914 540521
915 438914
915 12831
915 128022
915 504754
916 89522
916 328517
917 447786
917 49959
918 439504
919 439893
919 128780
920 439904
920 612498
920 305940
921 439984
921 19737
921 307376
922 310887
923 207179
924 299102
924 17460
924 105545
925 544230
925 449364
925 517243
926 24717
927 559756
927 306492
927 345136
927 581847
927 629212
928 440068
928 31066
928 58387
928 111344
928 113969
929 440295
929 534184
929 50759
929 69538
929 104258
929 246675
929 283845
929 288028
929 401622
929 405657
929 439821
929 444747
929 607166
930 119771
930 42747
930 69282
930 70369
931 440323
931 444947
932 440743
932 813
932 17608
932 395595
932 504472
933 440949
933 608511
933 9090
933 86978
933 90497
933 96582
933 298210
933 440665
933 448081
933 448656
933 449404
934 441220
934 443028
934 74369
934 210804
934 288141
934 310064
934 315355
934 335275
934 436459
934 588264
934 594239
934 620343
934 627671
935 615701
935 45078
935 55889
935 106587
936 441283
936 558129
937 290445
937 15387
937 97948
937 103460
937 104944
937 347380
937 357133
938 441293
939 470127
939 313228
939 501976
940 441372
940 445942
940 64818
940 446143
941 441398
941 64465
941 73983
941 138308
941 433037
942 226929
942 33195
942 61945
942 76619
942 127031
942 396250
942 399547
942 612576
943 441416
943 7232
943 142677
943 336098
944 441596
944 79780
944 88309
944 304872
944 612801
945 588143
945 425528
946 308491
946 628212
946 29423
946 141575
946 493670
947 442009
948 442115
948 85202
948 220282
948 305726
948 439614
948 442866
948 521881
948 583633
948 588044
948 593301
948 597974
949 442276
949 81999
949 603808
949 604130
950 442449
950 555923
950 7268
950 64510
950 69619
950 132688
950 261150
950 407758
950 579063
951 603204
951 19015
951 126517
951 578722
952 442928
952 38391
953 443134
953 31516
953 42151
953 101259
953 118548
953 118683
953 126533
953 565606
954 443372
954 46796
954 125748
954 308798
954 424027
954 442930
955 444530
955 555207
955 105660
955 281713
955 327104
955 335309
955 453378
955 550774
956 512179
956 425403
957 445118
957 450956
957 483896
957 625040
957 21828
957 99489
957 292997
957 328807
957 374739
957 418500
957 425001
957 427728
957 583998
957 609337
958 156721
958 156627
958 477424
959 514985
960 91922
961 445472
961 289026
961 304548
961 311597
961 440460
961 445910
962 446581
962 101834
962 308697
963 250230
963 444445
963 478965
963 2924
963 11778
963 43505
963 48625
963 62040
963 84736
963 108460
963 133925
963 221050
963 227223
963 294029
963 315300
963 324555
963 329821
963 338752
963 338841
963 389255
963 485996
963 533152
963 543163
963 561707
963 589733
963 621152
964 445861
965 104233
965 43695
965 57251
965 62463
966 445998
966 127669
966 298126
966 352560
966 628798
967 446062
967 604410
967 208508
967 218133
968 446272
968 302424
968 400559
968 416585
968 441202
968 441403
969 446541
969 52057
969 68798
969 237399
969 445899
970 446827
970 97646
970 97813
970 297120
970 609163
970 609637
971 446956
971 52114
971 352638
972 32356
973 447188
973 8097
973 22641
973 42177
973 234355
974 316426
974 70105
974 72198
974 152334
974 285848
974 318123
974 323784
974 324978
974 329105
974 440425
974 474532
974 481317
974 545826
974 547246
974 550098
974 550212
974 551408
974 551967
974 552804
974 554825
975 460825
975 526199
975 591924
975 86685
975 206432
975 306842
975 446895
976 559197
976 310565
976 498182
977 447399
977 441259
978 529946
978 209387
978 227745
978 440856
978 441525
978 441791
978 447794
978 512456
978 531792
979 475735
979 303424
980 447451
981 600850
981 72568
981 422570
981 423346
981 578232
981 587340
982 447645
982 33798
982 133724
982 141038
982 319999
983 596225
983 45141
983 85794
983 85861
983 288990
983 328936
983 488487
983 559046
983 616335
984 447734
984 48050
984 66986
984 133228
984 612138
985 447849
985 442360
985 448123
985 601785
986 449291
986 417877
987 435230
987 5107
987 109140
987 338439
987 422287
988 449372
988 443401
988 444528
989 449466
989 45854
989 48310
989 62375
989 75663
989 106973
989 296440
989 329620
989 425372
989 433765
989 607151
989 629291
990 449590
990 62459
990 67632
990 104184
990 575939
990 627197
991 121991
992 449614
992 68298
992 103022
992 302980
992 343347
992 348835
993 421469
994 449753
994 436468
994 584732
994 591271
995 449921
995 21400
995 92724
995 94966
995 288952
995 328517
995 622757
996 459902
996 218201
996 309105
997 314703
997 532129
997 60752
997 157798
997 279228
997 320796
997 449451
997 543350
997 591292
998 96084
998 529135
998 82981
998 287882
998 432030
998 445100
998 587727
998 614393
999 510916
999 76009
999 84450
999 219100
999 294034
999 334165
999 523105
999 563930
1000 450126
1000 438946
1000 441983
1000 445966
1000 446027
1000 446616
1000 449914
1000 569337
1001 451133
1001 448749
1002 280398
1002 629561
1002 70497
1002 329388
1003 518782
1003 81077
1003 295385
1004 453455
1004 301997
1004 309025
1004 478856
1004 512937
1005 453909
1005 208626
1005 375626
1005 380528
1006 454802
1006 76636
1006 528028
1007 546849
1007 148678
1007 219282
1007 513574
1008 554751
1008 153028
1009 552394
1009 475720
1010 481050
1010 532973
1010 82684
1010 84878
1010 209285
1010 603355
1011 455459
1011 514117
1011 543446
1011 28226
1011 59427
1011 75971
1011 79642
1011 81152
1011 87243
1011 93748
1011 94665
1011 215523
1011 228185
1011 233430
1011 269627
1011 289462
1011 312173
1011 323564
1011 439135
1011 446339
1011 446465
1011 468846
1011 533111
1011 603635
1011 605095
1011 618028
1012 542951
1012 96001
1012 104644
1012 248205
1013 555216
1013 173180
1013 555170
1014 456222
1014 74292
1014 302804
1014 418808
1014 446161
1014 541714
1015 456570
1015 56431
1015 80164
1015 86701
1015 87549
1015 96280
1015 138676
1015 314780
1015 338254
1015 525056
1015 585084
1015 605719
1015 612861
1015 619273
1015 629007
1016 456709
1016 218562
1016 294735
1016 299920
1016 560229
1016 598238
1017 457183
1017 76067
1017 246130
1017 281878
1017 343399
1017 455414
1017 472580
1017 541024
1018 69374
1018 97631
1018 313316
1018 331324
1018 612676
1018 627615
1018 629612
1018 36272
1018 40645
1018 42244
1018 45514
1018 52885
1018 59766
1018 64017
1018 64788
1018 67030
1018 71941
1018 136997
1018 300914
1018 307887
1018 343735
1018 345893
1018 353698
1018 431867
1018 447062
1018 488079
1018 502959
1018 610218
1018 627436
1018 627618
1018 627669
1018 627959
1018 628528
1018 628592
1019 458279
1019 314697
1020 554762
1020 161422
1020 547739
1021 546608
1021 147194
1021 169993
1021 174262
1021 315131
1021 451411
1021 458810
1021 531234
1021 542333
1021 548234
1021 593078
1021 618914
1022 333769
1022 80270
1022 300398
1022 492530
1023 459339
1023 531757
1023 215367
1023 219902
1024 460369
1025 460939
1026 461233
1026 284318
1026 298769
1026 429069
1026 525660
1026 601241
1026 623753
1027 626433
1027 29788
1027 101568
1027 104007
1027 127944
1027 135840
1027 188381
1027 302539
1028 404875
1028 482173
1028 310215
1028 390076
1028 594584
1029 461443
1029 76695
1029 84414
1029 88262
1029 332188
1029 445436
1029 446794
1030 482514
1030 442755
1030 445372
1030 487492
1031 370087
1031 508495
1031 76095
1031 83288
1031 109598
1031 252387
1031 295183
1031 521302
1031 601446
1032 462010
1032 515977
1032 606586
1033 462391
1033 219835
1033 449248
1034 483462
1035 463965
1035 479034
1035 521878
1035 534098
1035 596031
1035 82655
1035 85551
1035 87416
1035 220582
1035 280345
1035 285588
1035 439810
1035 446194
1035 450520
1035 466994
1035 469483
1035 471045
1035 510614
1035 515868
1035 518079
1035 531562
1036 290473
1036 50237
1036 57683
1037 464891
1037 289400
1037 297618
1037 318864
1037 319987
1037 521603
1037 602289
1038 465147
1038 470349
1038 475613
1038 544040
1038 78928
1038 79461
1038 83679
1038 85526
1038 86962
1038 90589
1038 94385
1038 211428
1038 217963
1038 222035
1038 222439
1038 222454
1038 242228
1038 318412
1038 324037
1038 440200
1038 446163
1038 465036
1038 474771
1038 510363
1038 513122
1038 513374
1038 513603
1038 517107
1038 520489
1038 540647
1038 591883
1038 602470
1039 449068
1039 441985
1039 443604
1039 447216
1040 536277
1040 94654
1040 287726
1041 213061
1041 42312
1041 78160
1042 465260
1042 81715
1043 465270
1043 591451
1043 207045
1043 279697
1043 282113
1043 319581
1043 327268
1043 509719
1043 592975
1043 601751
1044 467077
1044 14125
1044 40920
1044 48716
1044 51014
1044 59743
1044 73835
1044 74227
1044 88460
1044 99851
1044 284660
1044 285631
1044 285680
1044 311638
1044 317513
1044 347911
1044 536917
1044 628304
1045 553579
1045 149957
1045 149984
1045 252233
1045 545866
1045 551395
1046 467168
1046 94896
1046 218143
1047 468809
1047 21542
1047 37557
1047 252768
1047 298179
1047 484809
1047 538612
1047 580015
1048 468814
1048 68760
1048 220590
1048 524153
1049 469118
1049 291936
1049 316978
1049 589796
1050 469138
1050 474050
1050 91584
1050 105044
1051 469356
1052 603986
1052 328117
1052 438227
1053 91452
1053 297576
1053 610426
1053 616167
1053 48126
1053 49809
1053 52411
1053 117661
1053 142130
1053 251301
1054 469637
1054 43326
1054 54846
1054 112291
1054 136485
1054 209900
1054 221656
1054 417690
1054 420467
1055 511779
1055 35522
1055 88623
1055 90670
1055 616594
1056 470468
1056 539826
1056 34685
1056 81047
1056 440705
1056 453794
1056 460931
1056 584181
1057 437942
1057 44084
1057 101065
1057 127820
1057 130145
1057 406041
1057 431657
1057 437153
1057 581634
1058 470940
1058 17771
1058 49315
1058 62131
1058 323992
1059 283897
1059 415813
1059 424311
1059 431580
1059 449124
1059 569870
1060 521954
1060 87635
1060 326243
1060 439919
1060 441875
1060 444264
1061 108068
1061 51001
1061 394582
1061 498625
1062 471046
1062 129868
1062 440933
1062 526603
1063 431174
1063 131215
1063 345308
1064 471243
1064 226792
1064 280724
1065 280314
1066 546655
1066 544809
1066 546092
1066 552685
1067 471348
1067 295085
1067 439214
1067 602905
1068 549272
1069 471491
1069 249064
1069 437232
1070 618595
1070 21547
1070 230480
1070 307309
1071 474818
1072 596647
1072 281333
1073 471726
1073 29251
1073 36206
1073 65617
1073 613653
1074 542702
1074 208864
1074 217017
1074 223242
1075 303176
1075 98711
1075 139341
1076 472880
1076 78934
1076 80385
1076 87384
1076 332868
1077 69908
1078 472955
1078 88217
1078 89965
1078 96583
1078 542651
1078 602475
1079 215614
1079 322244
1079 466212
1079 155271
1079 163624
1079 169776
1079 211998
1079 593575
1080 474884
1080 425731
1080 440440
1081 474951
1081 586782
1081 49253
1081 97289
1081 228648
1081 308878
1081 428617
1081 441037
1081 442366
1082 171078
1082 69235
1082 462015
1082 516646
1083 475131
1083 215498
1083 227953
1083 466687
1084 600594
1084 323210
1085 475673
1085 216226
1085 455679
1086 476076
1086 90139
1087 494929
1088 477202
1088 224032
1088 227292
1088 306811
1088 318263
1088 348719
1088 569244
1089 180494
1089 165940
1089 251967
1089 280181
1090 477476
1090 344665
1090 448596
1091 478532
1091 302746
1091 311268
1091 524498
1091 531170
1092 478547
1092 518396
1092 425924
1092 432440
1092 439109
1093 480603
1093 254284
1094 480830
1094 216689
1094 323529
1094 351138
1094 444285
1095 480892
1095 593499
1095 216245
1096 311506
1096 22972
1096 33410
1096 53306
1097 471782
1097 217483
1097 605621
1098 481210
1098 445310
1099 486847
1099 613181
1099 91876
1099 486051
1100 531208
1100 6329
1100 309523
1100 498789
1101 481711
1101 207969
1101 452908
1101 527683
1102 482226
1103 482264
1103 482387
1103 94550
1103 147140
1103 446194
1103 463561
1103 465396
1103 531562
1104 483317
1105 483826
1105 447486
1105 585236
1106 613525
1106 52367
1106 106265
1106 300915
1107 83968
1107 217882
1107 313595
1107 330685
1107 429237
1107 530555
1107 534347
1107 602079
1107 39768
1107 47407
1107 53928
1107 54737
1107 59514
1107 60892
1107 74924
1107 76100
1107 78336
1107 79292
1107 81509
1107 89542
1107 212944
1107 231832
1107 290739
1107 339833
1107 350667
1107 511731
1107 601608
1107 606363
1107 613089
1108 483890
1108 53766
1108 439518
1109 429796
1110 425082
1110 412948
1111 484007
1111 218213
1111 481887
1112 322070
1112 114006
1112 559598
1113 484703
1114 486153
1114 303692
1114 429932
1115 486373
1115 234828
1115 415621
1115 424451
1115 531863
1116 486857
1117 446889
1117 118730
1117 330453
1117 333504
1118 583595
1118 68392
1119 486958
1119 75398
1119 309929
1119 478831
1120 595580
1120 82198
1120 92117
1120 282839
1120 289730
1120 293676
1120 315676
1120 323042
1121 487158
1121 87521
1121 297030
1122 496505
1123 541989
1124 501920
1124 19665
1125 509252
1125 27244
1125 428233
1125 575304
1126 509871
1126 224402
1127 510030
1127 413775
1128 604743
1128 243729
1128 283855
1128 391965
1128 501688
1129 510463
1129 341446
1129 435982
1130 510892
1130 20518
1130 29378
1130 91169
1130 290898
1130 446232
1131 511053
1131 49874
1131 75259
1131 87487
1131 301277
1131 410721
1131 440500
1131 501924
1131 577946
1132 512386
1132 222396
1132 418237
1132 587108
1132 610566
1133 537893
1133 19329
1133 133081
1133 232575
1134 368411
1135 514545
1135 523611
1135 83879
1135 92925
1135 218394
1135 323516
1136 100323
1137 515155
1137 90206
1138 515688
1138 520247
1138 77756
1138 206730
1138 227916
1138 428736
1139 517372
1139 75982
1139 225998
1139 511554
1140 517708
1140 217770
1140 224065
1140 380381
1141 518973
1141 222873
1141 590273
1142 482225
1142 293171
1143 560006
1143 25989
1143 337449
1143 407716
1143 438380
1143 574192
1144 521268
1144 93889
1144 94689
1144 96087
1144 230712
1144 301947
1144 435470
1145 521346
1145 42806
1145 302107
1145 535025
1145 584022
1145 620668
1146 522470
1146 87751
1146 446569
1147 518659
1147 588911
1147 226200
1147 268031
1147 296341
1147 366225
1147 434758
1148 522915
1148 89750
1148 217724
1148 518975
1148 544376
1149 523995
1150 579445
1150 47905
1150 508169
1151 525012
1151 57836
1151 98567
1151 106754
1151 425564
1152 547657
1152 172113
1152 439586
1152 464063
1152 469182
1152 471323
1152 480669
1152 583025
1152 609362
1153 526444
1153 217739
1154 459123
1154 471422
1154 523198
1154 220671
1154 228000
1154 484417
1154 614740
1155 527476
1155 79998
1155 324398
1156 579587
1156 141518
1156 498504
1156 502469
1156 507485
1156 629077
1157 508877
1157 64947
1157 343900
1157 597107
1158 527733
1159 529614
1159 47891
1159 48898
1159 82752
1159 89356
1159 97907
1159 112042
1159 114575
1159 115519
1159 122522
1159 138091
1159 350209
1159 424918
1159 442112
1159 602740
1159 605234
1159 613278
1160 317733
1161 298877
1161 97550
1161 103460
1161 310846
1162 572289
1162 307271
1163 529863
1163 32357
1163 590619
1164 44396
1164 318413
1164 43381
1164 100251
1164 253914
1164 308607
1164 622820
1165 529938
1165 42447
1166 485400
1166 63161
1166 89877
1166 139119
1166 512411
1166 541467
1166 543452
1166 593337
1167 530183
1167 217756
1168 71355
1169 123209
1169 47824
1169 119651
1169 123327
1169 608597
1170 530970
1170 217933
1171 542060
1171 605519
1172 531392
1172 321598
1173 293708
1173 586209
1173 8839
1173 35296
1173 58599
1173 99700
1173 128195
1173 237847
1173 307561
1173 308039
1173 417522
1173 444925
1173 488384
1173 493440
1173 494949
1173 498004
1173 500363
1173 503389
1174 74507
1174 21654
1175 244211
1175 30649
1175 31211
1175 312555
1176 531765
1176 4710
1176 47494
1176 58979
1176 413612
1176 437845
1176 494540
1177 547291
1178 532490
1179 351030
1179 129231
1179 137474
1180 532519
1180 58336
1180 220431
1180 288906
1180 306289
1180 334921
1181 532716
1181 8954
1181 45614
1181 48834
1181 70589
1181 245287
1181 426966
1181 445749
1182 532974
1182 533429
1183 533167
1183 416671
1183 430629
1183 443813
1183 535713
1184 57412
1185 533526
1185 9485
1185 17771
1185 82495
1185 107998
1185 250851
1185 298554
1185 298603
1186 72127
1187 534099
1187 59114
1187 130385
1187 253816
1187 281445
1187 282836
1187 307548
1187 352479
1187 354224
1187 445636
1187 521025
1187 567064
1187 576508
1187 598127
1187 613634
1188 70309
1189 129234
1190 534638
1190 75469
1190 330459
1191 24469
1191 491018
1192 535938
1192 219711
1192 307243
1192 592549
1193 597285
1193 297351
1194 536003
1194 46339
1194 282815
1194 404226
1194 446728
1195 99992
1196 536037
1196 104296
1197 62431
1197 305451
1197 42580
1197 347439
1197 417825
1197 578998
1198 536188
1198 104986
1198 313107
1199 536587
1199 85598
1199 310630
1200 537473
1200 217443
1200 278642
1200 441334
1200 514005
1200 594146
1201 625131
1201 49259
1202 528494
1202 85477
1202 212592
1202 226700
1202 557502
1202 566412
1202 603434
1203 537922
1203 528282
1203 602236
1204 537953
1204 32591
1204 45295
1204 245992
1205 538203
1205 91650
1205 92468
1205 103420
1205 444902
1205 447519
1205 623732
1206 456550
1206 59080
1206 83078
1206 417937
1207 538236
1207 602684
1207 34221
1207 76632
1207 524520
1207 537855
1208 538698
1208 38280
1208 66022
1208 66468
1208 78542
1208 99706
1208 125666
1208 129916
1208 135450
1208 327352
1208 345461
1208 394770
1208 432393
1208 439410
1208 578744
1208 580277
1209 540401
1209 83376
1209 309997
1209 515709
1209 525727
1210 544281
1211 320383
1211 458684
1211 483804
1211 548411
1211 147522
1211 152677
1211 155367
1211 158779
1211 164329
1211 173463
1211 174165
1211 176461
1211 180688
1211 184486
1211 451884
1211 452245
1211 462663
1211 528209
1211 535613
1211 541694
1211 544907
1211 544930
1211 546937
1211 547809
1211 550878
1211 551186
1211 551269
1211 551637
1211 553114
1211 586624
1211 601551
1212 314907
1212 296804
1213 545893
1213 471312
1213 481719
1214 546447
1214 547464
1214 294422
1215 547120
1215 548593
1215 545957
1215 546009
1215 548160
1215 549912
1215 553048
1215 553279
1216 547268
1216 144746
1216 158361
1216 178668
1216 591593
1217 547401
1218 509780
1218 40824
1218 209078
1218 299954
1218 326523
1218 447011
1218 592843
1219 132660
1220 349504
1220 61683
1220 64332
1220 128581
1221 547492
1221 552157
1222 547542
1222 355651
1223 548798
1223 320669
1223 346144
1223 516801
1223 547939
1224 351265
1224 74060
1225 549253
1225 551030
1225 554649
1226 439440
1226 35489
1226 56094
1227 550219
1228 208667
1228 492875
1229 550432
1230 550486
1230 41309
1230 136772
1230 391396
1230 544915
1230 547138
1231 458997
1231 290092
1232 550920
1232 173599
1233 550927
1234 552590
1234 528347
1234 530941
1235 604820
1235 37519
1235 70749
1235 286118
1235 336584
1235 623766
1236 548182
1236 550609
1236 553417
1237 552966
1237 547908
1237 551248
1238 553963
1238 103425
1238 167550
1238 483449
1239 295743
1239 447012
1239 448177
1239 521239
1239 528276
1239 25771
1239 34601
1239 56017
1239 77269
1239 78840
1239 235218
1239 279301
1239 282702
1239 282712
1239 297910
1239 314426
1239 315373
1239 417286
1239 441579
1239 449246
1239 564551
1239 582946
1239 584959
1239 587253
1239 602516
1239 619738
1240 554242
1240 449197
1240 453044
1240 524847
1240 528048
1241 554376
1241 37419
1241 87711
1241 343036
1242 64641
1243 554897
1243 487825
1243 546092
1243 547251
1243 551907
1243 551977
1244 560607
1244 69930
1244 427479
1245 106882
1245 64740
1245 395813
1246 561783
1247 44509
1248 563049
1248 52624
1248 138275
1249 580793
1250 565786
1251 127288
1252 568047
1252 340536
1253 568208
1253 584737
1253 88930
1253 111929
1253 411972
1253 571990
1253 614096
1254 570754
1255 319232
1255 88284
1255 94654
1255 149623
1255 158785
1255 163327
1255 168440
1255 223071
1255 223510
1255 339355
1255 438660
1255 459445
1255 475570
1255 485615
1255 499211
1255 537090
1255 538788
1256 573788
1257 574127
1257 30045
1257 37648
1257 395138
1258 92803
1258 69910
1258 77066
1258 101785
1258 108186
1258 239611
1258 344087
1258 609449
1258 619970
1259 575988
1259 354523
1259 403562
1260 576029
1260 126443
1260 347777
1260 431272
1260 496943
1261 592973
1261 300887
1261 325771
1262 279492
1262 106430
1263 222924
1263 98697
1264 578831
1264 352329
1264 397171
1265 605241
1265 15830
1265 245025
1265 309950
1265 429127
1266 579314
1266 15168
1266 15755
1266 345191
1267 323046
1268 447967
1269 579959
1269 72352
1270 597329
1270 35035
1270 48248
1270 332935
1271 580830
1272 584678
1272 95522
1272 235671
1272 410686
1273 586271
1273 83967
1273 616942
1274 586625
1274 54044
1274 88556
1274 298790
